Customer_ID,Name,Age,SSN,Occupation,snapshot_date
CUS_0x10ac,Zhouy,29,780-50-4730,Developer,2024-08-01
CUS_0x10c5,Moony,24,041-74-6785,_______,2024-08-01
CUS_0x1145,Blenkinsopr,24,426-31-9194,Teacher,2024-08-01
CUS_0x11ac,Liana B.v,26_,835-92-7751,Journalist,2024-08-01
CUS_0x122c,Papadimasf,48,883-73-9594,Entrepreneur,2024-08-01
CUS_0x1274,Whited,5656,298-61-0480,Scientist,2024-08-01
CUS_0x1288,Taylorq,34_,609-85-2725,Doctor,2024-08-01
CUS_0x12cc,Lauren Tarat,30,761-36-5969,Developer,2024-08-01
CUS_0x1338,Olivia Orang,40,250-62-9181,_______,2024-08-01
CUS_0x1370,Rothackerb,32,710-06-0138,Writer,2024-08-01
CUS_0x1378,Alan Wheatleyx,15,674-69-0430,Mechanic,2024-08-01
CUS_0x139b,Chen Aizhuk,46,346-99-5140,Scientist,2024-08-01
CUS_0x13a9,Saprud,46,920-85-0637,Manager,2024-08-01
CUS_0x13ce,rax,52,396-50-4794,Manager,2024-08-01
CUS_0x147a,Chriss,20,947-32-0844,Writer,2024-08-01
CUS_0x1510,Slatert,27,847-73-6303,Doctor,2024-08-01
CUS_0x1572,Martin Pettys,39,031-16-3010,Engineer,2024-08-01
CUS_0x159b,Thatcheri,35,437-45-4869,Architect,2024-08-01
CUS_0x15f1,Peter Rudegeairj,33,097-15-4981,_______,2024-08-01
CUS_0x1621,Nickr,41,470-60-1304,Writer,2024-08-01
CUS_0x1638,Langeu,28,419-04-0207,Lawyer,2024-08-01
CUS_0x165b,Karolina Tagarist,23,639-95-8108,Mechanic,2024-08-01
CUS_0x1890,"\"\"\"Johnt\"",26,765-48-3540,Lawyer,2024-08-01
CUS_0x18f5,Motsoenengi,54,169-46-3515,Accountant,2024-08-01
CUS_0x1900,Strupczewskix,26,534-19-8100,Accountant,2024-08-01
CUS_0x1947,Casey Sullivans,56,715-00-9807,Engineer,2024-08-01
CUS_0x194f,Rodrigo Camposw,44,254-39-4934,_______,2024-08-01
CUS_0x19a5,Rickp,27_,#F%$D@*&8,Doctor,2024-08-01
CUS_0x1a06,Laum,34,#F%$D@*&8,Manager,2024-08-01
CUS_0x1a3b,Victoria Thiebergerh,16,173-00-2847,Entrepreneur,2024-08-01
CUS_0x1a57,allo,52,185-32-4152,_______,2024-08-01
CUS_0x1a96,Sinead Carewi,50_,405-79-5399,Media_Manager,2024-08-01
CUS_0x1ad3,Michael Ermanl,35,056-35-3142,Scientist,2024-08-01
CUS_0x1bfd,Dougs,40_,882-93-1200,Writer,2024-08-01
CUS_0x1c2a,Pault,45_,473-13-5730,Accountant,2024-08-01
CUS_0x1c3a,Finnt,32_,298-29-8622,Accountant,2024-08-01
CUS_0x1d58,Cheel,20,832-91-7166,Mechanic,2024-08-01
CUS_0x1e16,Katharina Bartt,53,443-08-6028,Journalist,2024-08-01
CUS_0x1e3f,Alisons,22_,683-10-1309,Architect,2024-08-01
CUS_0x1e62,Raghavanc,33,495-51-7258,Journalist,2024-08-01
CUS_0x1ed6,Axel Threlfalls,25,073-04-2832,Musician,2024-08-01
CUS_0x1f61,Zinetsn,23,183-78-9102,Lawyer,2024-08-01
CUS_0x20fa,Paul Arnoldi,31,882-01-5970,Engineer,2024-08-01
CUS_0x2194,McCranky,34,986-52-3729,Scientist,2024-08-01
CUS_0x2200,Leighy,45,932-35-5942,Musician,2024-08-01
CUS_0x2212,Nickv,16,787-94-7051,_______,2024-08-01
CUS_0x225a,Clara Ferreira-Marquesy,37,900-33-4232,Journalist,2024-08-01
CUS_0x22b1,Osamus,41,058-45-2550,_______,2024-08-01
CUS_0x22d6,Nadiaz,21,293-09-8968,Developer,2024-08-01
CUS_0x241d,Alexei Oreskovicw,24,642-46-2233,Teacher,2024-08-01
CUS_0x242d,rag,31,#F%$D@*&8,Doctor,2024-08-01
CUS_0x2449,Alexc,42,511-01-3852,Mechanic,2024-08-01
CUS_0x247e,Jenniferc,44,368-98-6866,_______,2024-08-01
CUS_0x24bc,Chuck Mikolajczakb,49,664-52-6558,Engineer,2024-08-01
CUS_0x2509,Jonesu,15,026-87-1097,Entrepreneur,2024-08-01
CUS_0x2516,Walterz,20,203-37-6938,Engineer,2024-08-01
CUS_0x2527,ewich Noelv,24,420-33-6964,Musician,2024-08-01
CUS_0x2562,Vladimiru,48,880-88-5689,Doctor,2024-08-01
CUS_0x2634,Eveline Danubratam,27,221-75-3766,Mechanic,2024-08-01
CUS_0x264a,Dhanyaa,35,893-00-6129,Doctor,2024-08-01
CUS_0x268d,Mikei,29,#F%$D@*&8,_______,2024-08-01
CUS_0x2692,Eva Kuehnenh,38,358-88-9676,Accountant,2024-08-01
CUS_0x269c,Fiona Lauu,27,100-45-1929,Teacher,2024-08-01
CUS_0x2827,Lisah,18,486-07-1289,Scientist,2024-08-01
CUS_0x2834,Dennyd,3640,533-04-5976,Scientist,2024-08-01
CUS_0x2869,Johna,54,249-57-7977,Journalist,2024-08-01
CUS_0x28e2,Lynchn,26,474-82-5027,Journalist,2024-08-01
CUS_0x29bf,Sakari Suoninens,22,600-61-7210,Writer,2024-08-01
CUS_0x29e9,Mutikaniv,39,499-31-6441,Teacher,2024-08-01
CUS_0x2a45,Alexx,19,021-52-4642,Architect,2024-08-01
CUS_0x2a46,Andreaa,32,295-98-3299,Writer,2024-08-01
CUS_0x2a8c,Saliou Sambj,45,180-05-9282,Doctor,2024-08-01
CUS_0x2a8f,Janel,26,381-55-9671,Media_Manager,2024-08-01
CUS_0x2abd,Paola Arosior,45,539-11-2283,Entrepreneur,2024-08-01
CUS_0x2ae8,Estelle Shirbonp,21,498-74-4915,Engineer,2024-08-01
CUS_0x2b7a,Myles Neligann,44,497-83-0932,Architect,2024-08-01
CUS_0x2ba1,Nate Raymondm,31,332-45-0857,Mechanic,2024-08-01
CUS_0x2ba4,Steve Slaterr,28,373-18-8417,Mechanic,2024-08-01
CUS_0x2bb5,Sophie Sassardm,29,766-17-4484,Architect,2024-08-01
CUS_0x2bdc,Greg Roumeliotisp,29,454-30-4171,Writer,2024-08-01
CUS_0x2bf7,Aldredz,45,700-96-0564,Accountant,2024-08-01
CUS_0x2c0a,Huww,45,280-99-6832,Doctor,2024-08-01
CUS_0x2c15,Rickf,17,389-41-3683,Developer,2024-08-01
CUS_0x2c98,Lawrence Whitez,30_,532-22-6497,Teacher,2024-08-01
CUS_0x2ce8,Steven C.r,30,598-78-9078,Manager,2024-08-01
CUS_0x2d5a,Axh,18,864-98-6255,Engineer,2024-08-01
CUS_0x2d6a,Jason Langes,25,195-30-6889,Journalist,2024-08-01
CUS_0x2da9,rian Groww,24,894-47-5302,Developer,2024-08-01
CUS_0x2dfd,"\"\"\"Johnc\"",53,860-87-9053,Journalist,2024-08-01
CUS_0x2e73,Uranakaj,45_,667-70-4413,Accountant,2024-08-01
CUS_0x2ef1,Evelinex,35,398-24-4172,Accountant,2024-08-01
CUS_0x2f86,Edward Tayloru,26,974-87-0253,Teacher,2024-08-01
CUS_0x2fc9,Halsz,52,276-80-1606,Doctor,2024-08-01
CUS_0x2fe7,Tomv,34,847-59-5093,_______,2024-08-01
CUS_0x3069,Matt Scuffhamj,41,916-30-5005,Manager,2024-08-01
CUS_0x3092,Ryan Vlastelicat,52,511-20-0282,Mechanic,2024-08-01
CUS_0x30ee,Charlie Zhuv,16,237-56-8072,Lawyer,2024-08-01
CUS_0x3182,Deyj,35,737-63-3468,Accountant,2024-08-01
CUS_0x319d,Aruna Viswanathay,35,309-93-6346,Lawyer,2024-08-01
CUS_0x31ef,Carolinei,21,044-22-3761,Writer,2024-08-01
CUS_0x31f8,Richwines,55,666-05-8845,Teacher,2024-08-01
CUS_0x32a5,"\"\"\"John ODonnell\"\"f\"",23,900-72-1051,Engineer,2024-08-01
CUS_0x32b1,Stevef,45,517-36-8021,Manager,2024-08-01
CUS_0x32e5,Ernesti,32,093-52-7956,_______,2024-08-01
CUS_0x334b,Crawleyv,34,118-34-1378,Teacher,2024-08-01
CUS_0x337d,Clara Ferreira-Marquesn,53,199-25-7327,Manager,2024-08-01
CUS_0x342a,Andreasm,34,566-11-2306,Lawyer,2024-08-01
CUS_0x3499,Leigh Thomasv,1388,816-30-7776,Architect,2024-08-01
CUS_0x3525,Greg Roumeliotist,24_,746-59-7879,Journalist,2024-08-01
CUS_0x35e4,Linda Siegw,38,643-80-3274,Entrepreneur,2024-08-01
CUS_0x35e9,Jessica Wohls,22,022-78-9607,_______,2024-08-01
CUS_0x3639,Sven Egenterd,17,452-14-9672,Accountant,2024-08-01
CUS_0x372e,Stempelh,33,914-17-7131,Developer,2024-08-01
CUS_0x37bf,Soyoungo,49,242-04-7296,Writer,2024-08-01
CUS_0x384c,David Henryp,42,813-91-8749,Scientist,2024-08-01
CUS_0x3855,Xolai,27,#F%$D@*&8,Scientist,2024-08-01
CUS_0x387a,Henryp,21,432-76-8859,Architect,2024-08-01
CUS_0x393f,David Henryh,15,834-67-8369,Musician,2024-08-01
CUS_0x396e,"\"\"\"Eileene\"",33,186-66-1832,Architect,2024-08-01
CUS_0x39b2,Valetkevitchv,29,215-58-5257,_______,2024-08-01
CUS_0x39bf,Luciar,34,945-83-2116,Scientist,2024-08-01
CUS_0x39ff,Pedrox,31,248-94-4825,Manager,2024-08-01
CUS_0x3a3a,Ayaic,53,661-86-5423,Lawyer,2024-08-01
CUS_0x3afb,Pascal Fletcherw,52,612-21-7903,Engineer,2024-08-01
CUS_0x3b37,Dashaq,21,#F%$D@*&8,Accountant,2024-08-01
CUS_0x3b90,Swati Bhata,24,699-86-7977,Writer,2024-08-01
CUS_0x3bc5,ernie Woodallv,26,144-98-8454,Developer,2024-08-01
CUS_0x3c24,Hutchisonx,32,654-90-4605,Musician,2024-08-01
CUS_0x3c39,Jonathan Stempelb,15,874-82-1264,Developer,2024-08-01
CUS_0x3c97,Tetsushiz,45,#F%$D@*&8,Journalist,2024-08-01
CUS_0x3db1,Timz,44,091-80-2935,Journalist,2024-08-01
CUS_0x3e10,Petery,35,980-19-8289,Entrepreneur,2024-08-01
CUS_0x3e74,Dann,36,477-79-0846,Scientist,2024-08-01
CUS_0x3e89,Alistairx,25,598-55-8096,Media_Manager,2024-08-01
CUS_0x3ec7,Kumarm,37,274-10-1233,Media_Manager,2024-08-01
CUS_0x3f1,Edd,23,891-06-2189,Accountant,2024-08-01
CUS_0x3f27,Julien Toyerp,54,042-79-0167,Lawyer,2024-08-01
CUS_0x3f62,Callusc,37,273-95-4723,_______,2024-08-01
CUS_0x3f94,Natalie Wrightp,52,089-12-3246,Entrepreneur,2024-08-01
CUS_0x3fcd,Nickp,19,820-68-6580,Doctor,2024-08-01
CUS_0x3fee,Edward Krudyn,25,#F%$D@*&8,Media_Manager,2024-08-01
CUS_0x3ffe,Jeanineh,31,289-92-0697,Lawyer,2024-08-01
CUS_0x4020,Valetkevitchi,33,273-14-6142,Mechanic,2024-08-01
CUS_0x4037,Tapinsha,33,022-20-2822,Engineer,2024-08-01
CUS_0x4103,Catherine Bosleyv,29_,160-22-0061,Musician,2024-08-01
CUS_0x4143,Matt Scuffhamr,19,341-30-9753,Manager,2024-08-01
CUS_0x416d,Caroline Valetkevitcho,37,573-33-2930,Media_Manager,2024-08-01
CUS_0x423c,Soyoung Kimz,26,735-93-2088,Architect,2024-08-01
CUS_0x4315,Christophd,23,908-69-0212,Entrepreneur,2024-08-01
CUS_0x4330,Huww,38,500-96-4323,Media_Manager,2024-08-01
CUS_0x43fc,Poornimag,30,001-98-8608,Architect,2024-08-01
CUS_0x447b,ewich Jimn,36,107-71-0612,Musician,2024-08-01
CUS_0x449b,Ransdellt,25,807-35-0785,_______,2024-08-01
CUS_0x44aa,Ingridx,45,907-66-8700,Entrepreneur,2024-08-01
CUS_0x44b0,da Costaa,44,161-84-5662,Journalist,2024-08-01
CUS_0x4544,Karenj,34,492-01-8431,Media_Manager,2024-08-01
CUS_0x45fc,Suzanne Barlynn,21,614-52-8696,Doctor,2024-08-01
CUS_0x4695,Timothy Gardnerr,22,486-94-2198,Writer,2024-08-01
CUS_0x46d1,Maliay,33,#F%$D@*&8,Media_Manager,2024-08-01
CUS_0x477d,Luis Rojasa,20,820-20-3690,Journalist,2024-08-01
CUS_0x47f9,Hepheru,44,185-39-2208,Journalist,2024-08-01
CUS_0x486d,Levinev,43,288-92-4914,Journalist,2024-08-01
CUS_0x4904,Alwyn Scottp,34,662-96-6567,Media_Manager,2024-08-01
CUS_0x492e,Nadiaf,56,748-90-2499,Entrepreneur,2024-08-01
CUS_0x49d3,Felsenthalq,44,302-26-1825,Media_Manager,2024-08-01
CUS_0x4a23,Basesp,36,335-47-9894,Accountant,2024-08-01
CUS_0x4b11,Lisag,32,037-81-2575,Manager,2024-08-01
CUS_0x4bb,Lynchu,29,620-77-4360,Scientist,2024-08-01
CUS_0x4c3e,Paolo Biondik,39,181-99-1436,_______,2024-08-01
CUS_0x4c64,Anna Drivero,52,574-11-4911,Teacher,2024-08-01
CUS_0x4d0,Tim Hepherw,33,438-27-8255,Architect,2024-08-01
CUS_0x4d1b,Emily Flitterv,21,627-98-2185,_______,2024-08-01
CUS_0x4dba,Guernigou Murieln,25,057-73-9369,Engineer,2024-08-01
CUS_0x4e5f,Himank Sharmad,38,682-27-7124,Writer,2024-08-01
CUS_0x4e80,Amran Abocarq,34,940-30-7729,Accountant,2024-08-01
CUS_0x4e89,Vladimir Soldatkinq,35,493-21-3126,Accountant,2024-08-01
CUS_0x4e97,Danielh,51,215-67-2608,Media_Manager,2024-08-01
CUS_0x4ed2,Schuetzek,23,442-26-8125,Lawyer,2024-08-01
CUS_0x4ee5,Erik Kirschbaumw,-500,009-33-0735,Lawyer,2024-08-01
CUS_0x4f44,Shalal-Esar,28,496-79-9955,Writer,2024-08-01
CUS_0x4f70,Temple-Westw,47,021-30-1756,Musician,2024-08-01
CUS_0x4f85,Steven C.k,30,#F%$D@*&8,Writer,2024-08-01
CUS_0x4fcc,Emelia Sithole-Matariser,48,448-43-9417,Engineer,2024-08-01
CUS_0x4fe9,Schladerm,23,296-37-3283,Doctor,2024-08-01
CUS_0x4ffd,Crawleyf,55,288-84-3775,Architect,2024-08-01
CUS_0x50c4,Georgina Prodhani,27,043-82-6979,Mechanic,2024-08-01
CUS_0x511e,Steve Slatero,40,055-93-3369,Lawyer,2024-08-01
CUS_0x5129,Tetsushiv,32,041-56-2811,Scientist,2024-08-01
CUS_0x5189,Sarah N.d,45,050-64-6459,Engineer,2024-08-01
CUS_0x51ff,Kelleherd,28,022-22-0975,Accountant,2024-08-01
CUS_0x5209,Vladimirg,30,708-44-3082,Doctor,2024-08-01
CUS_0x5234,John McCrankf,55,072-13-6258,Manager,2024-08-01
CUS_0x529c,Stephen Aldredt,32,071-87-6290,Manager,2024-08-01
CUS_0x52d2,Alexv,15,386-88-8824,Media_Manager,2024-08-01
CUS_0x535b,Charlie Dunmorex,39,679-70-4322,Developer,2024-08-01
CUS_0x53eb,Andy Brucey,35,840-67-6481,Lawyer,2024-08-01
CUS_0x5418,Sarah N.b,41,256-23-6467,Manager,2024-08-01
CUS_0x543d,Leaht,24,827-53-9481,Manager,2024-08-01
CUS_0x54a3,Tracy Rucinskia,18,225-90-9918,Teacher,2024-08-01
CUS_0x54bc,William Jamesj,18,425-82-8832,Entrepreneur,2024-08-01
CUS_0x54bd,Nick Edwardsv,2672,389-25-0255,Journalist,2024-08-01
CUS_0x552,Harry Papachristous,48,837-55-2459,Engineer,2024-08-01
CUS_0x5536,David Dolany,25,#F%$D@*&8,Musician,2024-08-01
CUS_0x5540,ing Langic,31,371-69-7764,Lawyer,2024-08-01
CUS_0x5569,Chrisf,37,506-52-7572,Scientist,2024-08-01
CUS_0x55e3,Lisay,18,908-25-9219,Accountant,2024-08-01
CUS_0x55fb,Ashleyn,42,771-10-8942,Media_Manager,2024-08-01
CUS_0x560d,Wachtelm,35,285-43-4124,Lawyer,2024-08-01
CUS_0x5627,Stempelt,51,953-46-1751,Teacher,2024-08-01
CUS_0x5640,Cheeu,25,359-55-3612,Doctor,2024-08-01
CUS_0x564a,Rick Rothackerq,37,763-78-4306,Entrepreneur,2024-08-01
CUS_0x568,Joness,39,487-77-3167,Journalist,2024-08-01
CUS_0x5682,Basil Katzx,18,832-80-0129,Entrepreneur,2024-08-01
CUS_0x57a1,Gernot Hellerh,32,189-61-8704,Musician,2024-08-01
CUS_0x57a7,Harro Teni,18,187-24-6312,Scientist,2024-08-01
CUS_0x5845,en Berkowitzk,36,187-79-6590,Teacher,2024-08-01
CUS_0x58a3,Sam Cagek,30,806-40-7521,Developer,2024-08-01
CUS_0x58ad,Tom Polansekv,48,504-91-2909,Mechanic,2024-08-01
CUS_0x5909,Edwardh,37,796-80-1142,Media_Manager,2024-08-01
CUS_0x5933,Gabriel Debenedettis,27,375-51-3125,Journalist,2024-08-01
CUS_0x5974,Scott Malonev,42,481-22-7460,Mechanic,2024-08-01
CUS_0x59a5,Whitev,28,621-30-0642,Engineer,2024-08-01
CUS_0x5a04,Catherine Bosleyt,21_,641-94-4207,Engineer,2024-08-01
CUS_0x5aac,Andrea Hopkinss,26,818-36-4343,Journalist,2024-08-01
CUS_0x5af1,Lewisb,38,620-05-5524,Doctor,2024-08-01
CUS_0x5b7c,Denal,51_,447-29-0008,_______,2024-08-01
CUS_0x5bd8,Flitterx,25,517-12-3385,_______,2024-08-01
CUS_0x5c45,Rick Rothackert,29,497-87-3044,Teacher,2024-08-01
CUS_0x5ce6,A.o,27,206-71-5245,Lawyer,2024-08-01
CUS_0x5d29,Evan,33,620-31-2223,Writer,2024-08-01
CUS_0x5d5f,Kohj,26,740-49-8165,Teacher,2024-08-01
CUS_0x5d8b,Stevex,26,574-78-4992,Scientist,2024-08-01
CUS_0x5dfe,Dennyd,21,199-47-2114,Writer,2024-08-01
CUS_0x5e05,Jonesr,28,559-07-5598,Teacher,2024-08-01
CUS_0x5e0d,Karend,20,654-95-0851,Media_Manager,2024-08-01
CUS_0x5e1b,arbara Listonm,51,691-88-4829,Mechanic,2024-08-01
CUS_0x5ec6,Ananthalakshmiw,22,024-21-6368,Engineer,2024-08-01
CUS_0x5f06,Vlastelical,42,873-56-8770,Doctor,2024-08-01
CUS_0x5fc3,Emmao,26,680-89-3665,Journalist,2024-08-01
CUS_0x5fc9,Carewl,35,575-83-5232,Teacher,2024-08-01
CUS_0x5fd5,Jeremyj,55,605-85-1239,Accountant,2024-08-01
CUS_0x5ffa,Vaughanh,26,468-07-7694,Lawyer,2024-08-01
CUS_0x603b,Nick Edwardsf,38,#F%$D@*&8,Scientist,2024-08-01
CUS_0x606d,Jonest,45,170-50-5035,Accountant,2024-08-01
CUS_0x6075,Palmerv,19,008-47-5004,Musician,2024-08-01
CUS_0x6086,Doug Palmera,15,728-68-4575,Developer,2024-08-01
CUS_0x60d8,Dennyn,46,592-18-2639,Architect,2024-08-01
CUS_0x60da,Kate Holtonm,45,640-48-4568,Writer,2024-08-01
CUS_0x6191,Aubinb,41_,714-80-5369,_______,2024-08-01
CUS_0x61b0,Dmitracovab,36,856-46-5970,_______,2024-08-01
CUS_0x61ec,Soyoungj,23,164-25-3351,Teacher,2024-08-01
CUS_0x622c,Dina Kyriakidour,32,159-23-1271,Entrepreneur,2024-08-01
CUS_0x629c,Guptaq,49,797-28-8508,Journalist,2024-08-01
CUS_0x62a1,Kate Holtonr,39,919-64-9669,Writer,2024-08-01
CUS_0x6339,Shalal-Esad,27,539-87-7939,Musician,2024-08-01
CUS_0x6359,Nate Raymonda,19,250-09-4400,Media_Manager,2024-08-01
CUS_0x641a,Dan Kelleyk,21,647-00-7060,Engineer,2024-08-01
CUS_0x6437,A.g,48,726-51-0453,Lawyer,2024-08-01
CUS_0x6448,Taylory,28,#F%$D@*&8,Media_Manager,2024-08-01
CUS_0x64c,Ritsuko Andoi,35,569-95-4551,Writer,2024-08-01
CUS_0x6579,Cowann,16,563-27-3202,Engineer,2024-08-01
CUS_0x658f,Alisterf,28,763-08-1500,Journalist,2024-08-01
CUS_0x659,aranio,27,557-06-1117,Doctor,2024-08-01
CUS_0x6596,Brettx,27,#F%$D@*&8,Scientist,2024-08-01
CUS_0x65a0,Sam Forgionem,21,#F%$D@*&8,Scientist,2024-08-01
CUS_0x65c6,Douglas Busvinek,26,802-57-8351,Entrepreneur,2024-08-01
CUS_0x65d9,niv,35,978-73-5122,Architect,2024-08-01
CUS_0x6635,Dhanyat,44,225-86-3141,Doctor,2024-08-01
CUS_0x668f,Alisonl,26,171-23-7188,Journalist,2024-08-01
CUS_0x66d,Laura Noonanl,48,440-37-0746,Teacher,2024-08-01
CUS_0x66d6,Michael Ermann,40,552-62-4814,_______,2024-08-01
CUS_0x673b,Potterg,45,773-48-5826,Lawyer,2024-08-01
CUS_0x67c8,Lisa Juccae,37,738-90-3259,Lawyer,2024-08-01
CUS_0x682e,Moiral,8125,130-71-2530,Teacher,2024-08-01
CUS_0x6863,er Ingridg,29,933-44-8488,Journalist,2024-08-01
CUS_0x68cc,David Sheppardr,49,919-02-0237,Manager,2024-08-01
CUS_0x68d5,Vladimir Soldatkinb,24,856-14-7201,Entrepreneur,2024-08-01
CUS_0x68da,Nishante,42,691-11-9777,_______,2024-08-01
CUS_0x6938,Katya Wachtelk,29,084-45-4077,Developer,2024-08-01
CUS_0x693b,Andreax,47,791-19-2569,Lawyer,2024-08-01
CUS_0x6963,Lashy,27,958-37-1518,Lawyer,2024-08-01
CUS_0x6987,Steve Gormane,33,132-81-3981,Lawyer,2024-08-01
CUS_0x6991,Natec,43,065-68-3281,Teacher,2024-08-01
CUS_0x69e0,Jennifer Ablani,27,888-50-5438,Scientist,2024-08-01
CUS_0x6a1d,Suzannex,44,455-79-2070,Media_Manager,2024-08-01
CUS_0x6a86,Bill Rigbyf,22,351-07-6021,Doctor,2024-08-01
CUS_0x6b49,Soyoungw,46,424-32-0755,Mechanic,2024-08-01
CUS_0x6c99,Michele Kambasb,26,508-43-5579,Entrepreneur,2024-08-01
CUS_0x6cbb,Oreskovicv,35,308-38-8791,Media_Manager,2024-08-01
CUS_0x6cd4,Jonathani,43,818-10-5790,Musician,2024-08-01
CUS_0x6d7e,Sezerg,23,905-20-7810,Musician,2024-08-01
CUS_0x6dc3,Suoninenn,45,920-29-4982,Architect,2024-08-01
CUS_0x6e81,ewichw,36,462-24-2241,Manager,2024-08-01
CUS_0x6f7d,P.J.e,22,419-63-0128,Developer,2024-08-01
CUS_0x6f86,Melindan,23,334-45-9564,Mechanic,2024-08-01
CUS_0x703d,Ransdell Piersong,23,186-69-3042,Writer,2024-08-01
CUS_0x708e,Laurencer,29,360-92-7524,_______,2024-08-01
CUS_0x70ea,Giannoneo,37,907-18-5099,Architect,2024-08-01
CUS_0x70f6,raq,34,828-57-7339,Engineer,2024-08-01
CUS_0x713d,Valetkevitchy,33,187-24-2463,Architect,2024-08-01
CUS_0x7177,Suzanned,19,726-84-7401,Developer,2024-08-01
CUS_0x71bc,Paolai,35,432-65-2200,Engineer,2024-08-01
CUS_0x71fa,Lauren Tarat,26,640-88-5940,Developer,2024-08-01
CUS_0x7270,"\"ODonnell\"\"m\"",23,834-23-2429,Journalist,2024-08-01
CUS_0x728f,Carewl,52,698-98-1498,_______,2024-08-01
CUS_0x7403,Qingw,33,#F%$D@*&8,Journalist,2024-08-01
CUS_0x7453,Georgiopoulosp,23,978-82-9151,Engineer,2024-08-01
CUS_0x7478,Stephensonf,25,529-17-6334,Entrepreneur,2024-08-01
CUS_0x74db,Forgioneo,38,180-94-8644,Writer,2024-08-01
CUS_0x7611,Peter Rudegeairt,56,587-14-1089,Entrepreneur,2024-08-01
CUS_0x7672,Woodallg,34,030-11-8911,Accountant,2024-08-01
CUS_0x77ad,Paul Sf,26,634-33-9227,Entrepreneur,2024-08-01
CUS_0x77ff,Leongw,17,062-89-1690,Writer,2024-08-01
CUS_0x7808,Margaret Chadbournu,16,088-72-9373,Developer,2024-08-01
CUS_0x7812,Davev,21,992-47-8736,Scientist,2024-08-01
CUS_0x78db,"\"\"\"Michaelg\"",47,242-15-2966,Accountant,2024-08-01
CUS_0x7942,Ikuko Kurahonei,32,017-06-0145,Engineer,2024-08-01
CUS_0x799e,Regank,53,890-44-4311,Lawyer,2024-08-01
CUS_0x79d9,Leikac,38,091-80-3722,_______,2024-08-01
CUS_0x7a34,Martind,45,596-93-2081,Scientist,2024-08-01
CUS_0x7a36,Kiharam,39,070-06-0488,Entrepreneur,2024-08-01
CUS_0x7b3,Strupczewskif,32,676-41-8343,Accountant,2024-08-01
CUS_0x7b39,Niveditaa,36,#F%$D@*&8,Entrepreneur,2024-08-01
CUS_0x7b9d,Aaron Pressmanb,25,411-37-9487,Mechanic,2024-08-01
CUS_0x7c8c,Johnm,52,230-18-1696,_______,2024-08-01
CUS_0x7cc1,Meganb,22,169-92-6237,Writer,2024-08-01
CUS_0x7d6c,Eileenc,24,424-12-8828,Scientist,2024-08-01
CUS_0x7dff,ar Vasovicw,31,#F%$D@*&8,Media_Manager,2024-08-01
CUS_0x7e06,Li-mei Hoangb,21,013-51-5521,Musician,2024-08-01
CUS_0x7ec9,Matthias Blamonti,26,678-29-7359,Musician,2024-08-01
CUS_0x7f32,Nick Zieminskij,31,895-90-3550,Writer,2024-08-01
CUS_0x7f3d,Rosendahla,28,233-97-3907,Engineer,2024-08-01
CUS_0x7f43,Michelle Sierrag,30,275-74-7566,_______,2024-08-01
CUS_0x7fb2,alls,39,402-37-0700,_______,2024-08-01
CUS_0x7ff9,Rothackert,46,766-27-1126,Musician,2024-08-01
CUS_0x8000,Lucianan,26,599-48-6829,Journalist,2024-08-01
CUS_0x8062,Andreasm,-500,#F%$D@*&8,Lawyer,2024-08-01
CUS_0x80b8,Rhysv,44,309-74-1982,Developer,2024-08-01
CUS_0x80d0,ra Alperq,45,895-25-0942,Engineer,2024-08-01
CUS_0x815,Raymondh,3441,307-66-3257,Developer,2024-08-01
CUS_0x817d,ernie Woodallv,41,973-95-7025,Scientist,2024-08-01
CUS_0x81b,Sanjeevl,43,467-08-5391,Mechanic,2024-08-01
CUS_0x81ce,Jennifer Sabal,41,548-14-5750,Accountant,2024-08-01
CUS_0x81de,raw,37,#F%$D@*&8,_______,2024-08-01
CUS_0x81fe,Nanettea,21,577-99-8043,Writer,2024-08-01
CUS_0x82c2,Edl,51,044-29-7570,Entrepreneur,2024-08-01
CUS_0x8348,Jonathan Stempelk,25,677-09-7618,Entrepreneur,2024-08-01
CUS_0x8382,Allison Martells,32_,853-68-8996,Engineer,2024-08-01
CUS_0x8395,Jessica Dyew,25,374-03-0670,Engineer,2024-08-01
CUS_0x83a0,Matt Dailyg,42,640-44-9921,Doctor,2024-08-01
CUS_0x844b,Grovery,41,948-62-5361,Engineer,2024-08-01
CUS_0x84be,Patrick Temple-Westj,36,463-53-3692,Media_Manager,2024-08-01
CUS_0x84d0,Wohli,32,278-75-1218,Journalist,2024-08-01
CUS_0x84f5,Jasonz,26_,348-47-1523,Media_Manager,2024-08-01
CUS_0x8535,N.u,50,751-98-8568,_______,2024-08-01
CUS_0x857e,Michael Winfreyc,21,251-46-1218,Entrepreneur,2024-08-01
CUS_0x8590,Annk,31,#F%$D@*&8,Musician,2024-08-01
CUS_0x85c6,Kazunori Takadao,18,175-90-4269,Teacher,2024-08-01
CUS_0x864a,Choe,50,288-57-7696,Teacher,2024-08-01
CUS_0x864e,Kumarh,33,345-95-5018,Media_Manager,2024-08-01
CUS_0x86f4,Ryanb,20,607-39-4006,Architect,2024-08-01
CUS_0x8702,Dasy,35,319-16-7153,Accountant,2024-08-01
CUS_0x87e4,Feldmanh,21,175-54-4117,Mechanic,2024-08-01
CUS_0x88f4,Daya,29,454-81-6894,Mechanic,2024-08-01
CUS_0x890,Leah Schnurrx,39,439-56-8696,Journalist,2024-08-01
CUS_0x8985,Huwz,2598,544-93-0937,Developer,2024-08-01
CUS_0x89c2,Joel Dimmockb,51,420-82-9596,Teacher,2024-08-01
CUS_0x89ff,Dhanya Skariachanu,35,#F%$D@*&8,Musician,2024-08-01
CUS_0x8a27,Tricia Wrightb,23,431-33-1435,Engineer,2024-08-01
CUS_0x8a70,Jenniferj,41_,957-97-1235,Teacher,2024-08-01
CUS_0x8a9c,Garciak,48,203-00-8741,Accountant,2024-08-01
CUS_0x8aa6,Alistair Barrc,52,347-13-4537,Lawyer,2024-08-01
CUS_0x8b8b,Davids,40,978-16-1554,Accountant,2024-08-01
CUS_0x8be0,Liana B.u,43,019-47-3819,Engineer,2024-08-01
CUS_0x8c79,Euant,34,246-50-5176,Scientist,2024-08-01
CUS_0x8cc8,Douwes,43,646-25-9153,Manager,2024-08-01
CUS_0x8cfe,Klaymanw,27,523-90-6933,_______,2024-08-01
CUS_0x8d0d,Jonathanj,55,061-41-0572,_______,2024-08-01
CUS_0x8d40,Prenticeu,24,476-67-1228,Journalist,2024-08-01
CUS_0x8db6,Stempelx,26,754-28-9358,Architect,2024-08-01
CUS_0x8e6e,Tom Milesv,43,741-44-9176,Accountant,2024-08-01
CUS_0x8fb7,Raymondd,31,915-56-4328,Media_Manager,2024-08-01
CUS_0x8fbb,Aungb,35,792-39-3438,Developer,2024-08-01
CUS_0x900,Gregk,26,173-70-3432,Journalist,2024-08-01
CUS_0x9017,Lynchr,16_,932-54-4401,Developer,2024-08-01
CUS_0x90ac,Mihir Dalald,40,890-96-8226,Writer,2024-08-01
CUS_0x90cb,Tricia Wrightt,31,075-55-7838,Developer,2024-08-01
CUS_0x90e6,Tom Billg,18,880-56-9524,Writer,2024-08-01
CUS_0x919a,Kiharar,19,955-69-8416,_______,2024-08-01
CUS_0x9207,Simone,24,#F%$D@*&8,Architect,2024-08-01
CUS_0x9209,Richwinet,29,#F%$D@*&8,Architect,2024-08-01
CUS_0x922d,Jasonx,19,827-48-6624,Journalist,2024-08-01
CUS_0x9395,Sagex,48,147-24-9906,Lawyer,2024-08-01
CUS_0x93bc,Nagp,34,482-17-1760,Developer,2024-08-01
CUS_0x9442,Edmundr,25,850-53-3186,Mechanic,2024-08-01
CUS_0x94ef,Gernot Hellero,38,604-49-3106,Teacher,2024-08-01
CUS_0x950a,Sakarip,38,099-97-3650,Journalist,2024-08-01
CUS_0x9515,Emmottc,24,563-62-5444,Media_Manager,2024-08-01
CUS_0x958f,ill Rigbyp,15,194-93-5515,Scientist,2024-08-01
CUS_0x95b1,Rr,56,065-68-4018,Manager,2024-08-01
CUS_0x960b,Wahbad,32,815-78-7675,Writer,2024-08-01
CUS_0x9692,Stevek,24,556-37-4559,Scientist,2024-08-01
CUS_0x96ca,Hyunjoop,45,088-99-8644,Accountant,2024-08-01
CUS_0x9729,Schneyerl,34,406-76-5709,_______,2024-08-01
CUS_0x9771,Michael Martinaz,24,702-39-1597,Entrepreneur,2024-08-01
CUS_0x9774,Fraendeh,43,938-36-7670,Mechanic,2024-08-01
CUS_0x978b,Bartd,17,462-86-9472,Accountant,2024-08-01
CUS_0x9796,Martinne Gellerm,30,447-03-4867,_______,2024-08-01
CUS_0x99ab,Dmitracovax,48,522-12-5089,Lawyer,2024-08-01
CUS_0x99c,Reganf,41,769-63-7639,Doctor,2024-08-01
CUS_0x9a13,", Globalq",41,145-70-6462,Entrepreneur,2024-08-01
CUS_0x9a3d,Patriciap,36,168-25-2355,Accountant,2024-08-01
CUS_0x9a9a,Wendln,27,404-69-3730,Mechanic,2024-08-01
CUS_0x9ac5,Wachtelk,47,232-20-2845,Lawyer,2024-08-01
CUS_0x9ad1,Tom Berginc,35,121-98-9978,Journalist,2024-08-01
CUS_0x9b27,Jonathanw,50,479-44-2633,Developer,2024-08-01
CUS_0x9b30,Marja Novakh,21,497-57-8631,Architect,2024-08-01
CUS_0x9b3f,Anni,36,397-76-3527,Teacher,2024-08-01
CUS_0x9b95,Annikay,19,024-94-7524,Manager,2024-08-01
CUS_0x9ba4,Rickj,20,732-45-5415,Journalist,2024-08-01
CUS_0x9bd9,Barretom,41,218-24-8466,Architect,2024-08-01
CUS_0x9d9,Hilary Russs,43,509-62-5624,Musician,2024-08-01
CUS_0x9e5,Whiteb,21,873-59-6048,Media_Manager,2024-08-01
CUS_0x9e9a,Klaymanb,30,918-15-8641,Writer,2024-08-01
CUS_0x9eb6,Mollenkampr,24,590-47-8337,Accountant,2024-08-01
CUS_0x9eba,Siebelts,24,085-29-8899,Teacher,2024-08-01
CUS_0x9f55,Foos,20,507-29-6608,Lawyer,2024-08-01
CUS_0x9f8e,Deepa Seetharamano,27,627-39-8653,Architect,2024-08-01
CUS_0xa04b,en Hirschlerw,31,401-21-4779,Journalist,2024-08-01
CUS_0xa0be,Foo Yunu,35,616-18-1676,_______,2024-08-01
CUS_0xa116,Jasong,27,591-43-0273,Journalist,2024-08-01
CUS_0xa1a2,Estelle Shirbonj,25,906-36-6727,Media_Manager,2024-08-01
CUS_0xa1de,Antonellap,32,285-30-2522,Teacher,2024-08-01
CUS_0xa232,Shihv,54,145-48-1658,Manager,2024-08-01
CUS_0xa261,Carrick Mollenkampe,44,142-05-0523,_______,2024-08-01
CUS_0xa279,Miedemac,37,845-19-4481,Developer,2024-08-01
CUS_0xa2fe,Maushagena,53,572-46-1158,Teacher,2024-08-01
CUS_0xa38e,"\"\"\"Johnr\"",20,701-32-0533,Entrepreneur,2024-08-01
CUS_0xa394,Niveditat,32,364-16-0033,Engineer,2024-08-01
CUS_0xa3ec,Bakery,26,634-51-4615,Lawyer,2024-08-01
CUS_0xa3f5,Stanley Whited,21,781-12-9908,_______,2024-08-01
CUS_0xa401,Katharinar,40,085-04-0051,Writer,2024-08-01
CUS_0xa40d,Muriel Bosellio,56,973-89-7112,Doctor,2024-08-01
CUS_0xa445,Baileyh,41,075-29-9342,Journalist,2024-08-01
CUS_0xa4b3,Silvia Aloisir,36,482-29-3534,Accountant,2024-08-01
CUS_0xa55e,Deepa Seetharamanx,46,557-73-9968,Architect,2024-08-01
CUS_0xa568,t Pascalei,40,#F%$D@*&8,Scientist,2024-08-01
CUS_0xa631,Kima,45,791-69-8926,Teacher,2024-08-01
CUS_0xa650,ers,42,001-30-8624,Scientist,2024-08-01
CUS_0xa6a3,Katea,35,683-20-9568,Engineer,2024-08-01
CUS_0xa72,Svenr,24,511-39-3582,Mechanic,2024-08-01
CUS_0xa7c5,Richard Leongf,39,566-80-0785,Lawyer,2024-08-01
CUS_0xa7c7,Marshk,42,319-61-2316,Architect,2024-08-01
CUS_0xa83e,Anak,47,542-29-2531,Journalist,2024-08-01
CUS_0xa899,Kohj,41,077-54-4259,Accountant,2024-08-01
CUS_0xa90d,Christiaan Hetzneri,38,087-22-0110,Lawyer,2024-08-01
CUS_0xa9c1,Frankelg,28,448-15-3289,Media_Manager,2024-08-01
CUS_0xaab7,Jason Langet,40,110-58-2517,Entrepreneur,2024-08-01
CUS_0xab0f,Alang,40,118-42-6441,Engineer,2024-08-01
CUS_0xab60,enm,31,296-42-2708,Journalist,2024-08-01
CUS_0xabb4,eng,42,897-62-1625,Lawyer,2024-08-01
CUS_0xabd6,ini Luisr,36,815-87-8528,Teacher,2024-08-01
CUS_0xac3f,Patrick Ruckeru,17,010-72-9113,Doctor,2024-08-01
CUS_0xac6f,Shaikho,28,506-50-6419,Manager,2024-08-01
CUS_0xac85,Grantu,38,512-49-9006,Scientist,2024-08-01
CUS_0xadcf,Sakaria,43,024-47-8084,Accountant,2024-08-01
CUS_0xae4,Douwek,27,414-56-3481,Writer,2024-08-01
CUS_0xae4b,Stevej,44,357-08-4783,Teacher,2024-08-01
CUS_0xae96,Akiny,43,414-33-7358,Mechanic,2024-08-01
CUS_0xaef3,Jimj,43,635-56-4059,Developer,2024-08-01
CUS_0xaf56,Herbertg,43,808-71-5249,Musician,2024-08-01
CUS_0xafbb,Rodrigo Camposq,32,840-28-4257,Lawyer,2024-08-01
CUS_0xb006,Jonesz,46,080-73-5838,Media_Manager,2024-08-01
CUS_0xb039,Stevep,42,396-73-6429,Media_Manager,2024-08-01
CUS_0xb04e,Caroline Copleyb,28_,730-60-0289,_______,2024-08-01
CUS_0xb12,Stanley Whiteh,39,940-14-8700,Media_Manager,2024-08-01
CUS_0xb125,Vidyaq,3856,744-83-0776,Media_Manager,2024-08-01
CUS_0xb1a3,Liana B.d,29,#F%$D@*&8,Media_Manager,2024-08-01
CUS_0xb271,Jones Lisao,41_,952-44-3434,_______,2024-08-01
CUS_0xb2ba,Greg Roumeliotiss,40,428-72-2041,Accountant,2024-08-01
CUS_0xb2c8,Lynnleyf,37,359-61-8309,Accountant,2024-08-01
CUS_0xb37c,Jan Strupczewskib,35,357-58-5507,Developer,2024-08-01
CUS_0xb38a,Lisai,29,206-35-5405,Accountant,2024-08-01
CUS_0xb3e3,Peter Appsp,41,694-38-0048,Teacher,2024-08-01
CUS_0xb41b,Chatterjeen,28_,881-68-1642,Writer,2024-08-01
CUS_0xb448,Lisa Lamberth,29,353-39-6535,_______,2024-08-01
CUS_0xb44c,Bernie Woodallr,31,682-85-9184,Media_Manager,2024-08-01
CUS_0xb490,Tomp,38,542-78-0787,Accountant,2024-08-01
CUS_0xb52d,Lasha,41,856-39-9861,Manager,2024-08-01
CUS_0xb59e,"\"OBoyle\"\"v\"",30,#F%$D@*&8,Lawyer,2024-08-01
CUS_0xb5a8,Kellyo,22,232-92-9825,Entrepreneur,2024-08-01
CUS_0xb5aa,Poornima Guptaz,16,419-67-9786,_______,2024-08-01
CUS_0xb77f,Gregd,27,047-56-2054,Engineer,2024-08-01
CUS_0xb7e,Saikat Chatterjeeo,24,395-85-0199,Mechanic,2024-08-01
CUS_0xb807,Jedh,38,766-13-4262,Writer,2024-08-01
CUS_0xb80a,Kate Holtonp,27,096-80-1919,Developer,2024-08-01
CUS_0xb8b3,Younga,39,772-67-3885,Architect,2024-08-01
CUS_0xb904,Geigerm,27,463-72-9086,Mechanic,2024-08-01
CUS_0xb975,Andreas Cremerm,52,988-43-7974,Accountant,2024-08-01
CUS_0xb97b,Reesem,34,274-10-7458,Teacher,2024-08-01
CUS_0xba90,Lisa Baertleinm,46,458-00-2231,Developer,2024-08-01
CUS_0xbaf2,McCoolm,28,569-52-7755,Developer,2024-08-01
CUS_0xbb93,Emij,27,052-57-7067,Writer,2024-08-01
CUS_0xbbc6,ra Alpere,27,122-43-5969,Accountant,2024-08-01
CUS_0xbbda,le Stevem,50,598-28-8368,Manager,2024-08-01
CUS_0xbc04,Wachtelf,22,#F%$D@*&8,Entrepreneur,2024-08-01
CUS_0xbc5b,Aaron Pressmanb,24,898-73-7249,Teacher,2024-08-01
CUS_0xbc7d,dev,35,265-33-1368,Lawyer,2024-08-01
CUS_0xbccc,"\"ODonnell\"\"e\"",38_,631-10-0523,Entrepreneur,2024-08-01
CUS_0xbd09,Wakij,24_,#F%$D@*&8,Doctor,2024-08-01
CUS_0xbd0b,Cinellio,36,266-16-4841,Musician,2024-08-01
CUS_0xbd9b,Andyo,40,975-36-8835,Accountant,2024-08-01
CUS_0xbdbf,Philipp Halstrickr,41,276-84-5931,Entrepreneur,2024-08-01
CUS_0xbdee,Herbertq,34,539-32-3188,Musician,2024-08-01
CUS_0xbe4c,Andreasl,19,#F%$D@*&8,Lawyer,2024-08-01
CUS_0xbebc,Economics Correspondentj,44,961-21-1989,Musician,2024-08-01
CUS_0xbeca,Manuela Badawye,8467,120-40-0801,Lawyer,2024-08-01
CUS_0xbfa0,Keith Weirk,26,363-38-1656,Engineer,2024-08-01
CUS_0xbfd2,Temple-Westo,41,925-75-0446,Journalist,2024-08-01
CUS_0xbfed,Dan Levineq,21,133-46-8895,Engineer,2024-08-01
CUS_0xc015,Dan Levinej,42,772-43-1331,Teacher,2024-08-01
CUS_0xc06e,radenp,30,046-72-5387,Journalist,2024-08-01
CUS_0xc0ab,Soyoungd,33,342-90-2649,Engineer,2024-08-01
CUS_0xc0d7,Laum,-500,095-59-3660,Mechanic,2024-08-01
CUS_0xc125,Soyoungi,45,840-41-5035,Scientist,2024-08-01
CUS_0xc29b,Julien Ponthusy,35,608-51-9169,Lawyer,2024-08-01
CUS_0xc2aa,Axel Buggeu,37,465-60-3982,Musician,2024-08-01
CUS_0xc2ff,en Klaymang,28,929-86-3226,Architect,2024-08-01
CUS_0xc390,arani Krishnano,47,243-16-4221,Teacher,2024-08-01
CUS_0xc3a6,ernied,28,660-58-0563,Developer,2024-08-01
CUS_0xc3f2,Jonathan Gouldx,20,#F%$D@*&8,Engineer,2024-08-01
CUS_0xc41f,Kerberz,31,710-88-8800,_______,2024-08-01
CUS_0xc429,Theopolis Watersl,35,557-76-8375,Mechanic,2024-08-01
CUS_0xc461,Hoo,39,705-32-5842,Scientist,2024-08-01
CUS_0xc491,Nicola Leskeq,36,878-88-0534,Developer,2024-08-01
CUS_0xc4c7,Baertleink,35,653-23-4587,Writer,2024-08-01
CUS_0xc4f,Huw Jonesn,34,955-02-8112,Media_Manager,2024-08-01
CUS_0xc5aa,Tetsushi Kajimotok,46,#F%$D@*&8,_______,2024-08-01
CUS_0xc5f6,Anguss,31,899-93-7581,Developer,2024-08-01
CUS_0xc675,Langem,35,845-32-7827,Developer,2024-08-01
CUS_0xc68,Gylesy,36,500-95-2856,Entrepreneur,2024-08-01
CUS_0xc719,Nickx,36,994-77-4680,Media_Manager,2024-08-01
CUS_0xdfd,Bullg,40,876-77-3604,Teacher,2024-08-01
